111.0 539.0 113.0 504.0
113.0 504.0 98.0 503.0
98.0 503.0 88.0 493.0
88.0 493.0 79.0 480.0
79.0 480.0 79.0 458.0
79.0 458.0 94.0 437.0
94.0 437.0 101.0 417.0
101.0 417.0 105.0 402.0
105.0 402.0 113.0 383.0
113.0 383.0 104.0 348.0
104.0 348.0 101.0 324.0
101.0 324.0 102.0 303.0
102.0 303.0 108.0 295.0
108.0 295.0 107.0 279.0
107.0 279.0 112.0 266.0
112.0 266.0 115.0 257.0
115.0 257.0 100.0 239.0
100.0 239.0 77.0 220.0
77.0 220.0 50.0 196.0
50.0 196.0 41.0 178.0
41.0 178.0 43.0 141.0
43.0 141.0 53.0 111.0
53.0 111.0 60.0 58.0
60.0 58.0 71.0 3.0
42.0 152.0 64.0 156.0
64.0 156.0 93.0 151.0
93.0 151.0 113.0 146.0
113.0 146.0 135.0 133.0
135.0 133.0 145.0 137.0
145.0 137.0 145.0 151.0
145.0 151.0 126.0 168.0
126.0 168.0 103.0 179.0
103.0 179.0 81.0 185.0
81.0 185.0 69.0 190.0
69.0 190.0 65.0 198.0
65.0 198.0 67.0 210.0
170.0 137.0 199.0 170.0
199.0 170.0 220.0 183.0
220.0 183.0 245.0 189.0
245.0 189.0 268.0 186.0
268.0 186.0 297.0 186.0
297.0 186.0 317.0 191.0
317.0 191.0 342.0 209.0
342.0 209.0 359.0 241.0
359.0 241.0 365.0 259.0
365.0 259.0 365.0 272.0
365.0 272.0 342.0 250.0
342.0 250.0 308.0 235.0
308.0 235.0 264.0 218.0
264.0 218.0 236.0 212.0
236.0 212.0 211.0 195.0
211.0 195.0 191.0 173.0
191.0 173.0 177.0 157.0
177.0 157.0 173.0 143.0
263.0 537.0 297.0 481.0
297.0 481.0 315.0 446.0
315.0 446.0 349.0 372.0
349.0 372.0 366.0 350.0
366.0 350.0 381.0 340.0
381.0 340.0 398.0 331.0
398.0 331.0 439.0 279.0
439.0 279.0 441.0 271.0
441.0 271.0 437.0 266.0
437.0 266.0 425.0 268.0
425.0 268.0 407.0 277.0
407.0 277.0 408.0 269.0
408.0 269.0 431.0 248.0
431.0 248.0 442.0 240.0
442.0 240.0 461.0 216.0
461.0 216.0 484.0 183.0
484.0 183.0 499.0 152.0
499.0 152.0 516.0 98.0
516.0 98.0 526.0 43.0
526.0 43.0 528.0 2.0
236.0 535.0 216.0 509.0
216.0 509.0 193.0 505.0
193.0 505.0 166.0 504.0
166.0 504.0 131.0 493.0
131.0 493.0 162.0 477.0
162.0 477.0 188.0 460.0
188.0 460.0 206.0 453.0
206.0 453.0 218.0 440.0
218.0 440.0 223.0 420.0
126.0 535.0 129.0 511.0
129.0 511.0 146.0 518.0
146.0 518.0 158.0 525.0
158.0 525.0 156.0 535.0
240.0 281.0 231.0 291.0
231.0 291.0 224.0 310.0
224.0 310.0 227.0 327.0
227.0 327.0 235.0 341.0
235.0 341.0 250.0 350.0
250.0 350.0 276.0 353.0
276.0 353.0 307.0 341.0
307.0 341.0 319.0 326.0
319.0 326.0 312.0 307.0
312.0 307.0 296.0 287.0
296.0 287.0 277.0 282.0
277.0 282.0 256.0 277.0
256.0 277.0 241.0 282.0
116.0 255.0 136.0 247.0
136.0 247.0 144.0 251.0
144.0 251.0 162.0 266.0
162.0 266.0 171.0 277.0
171.0 277.0 173.0 289.0
173.0 289.0 170.0 304.0
170.0 304.0 161.0 310.0
161.0 310.0 143.0 313.0
143.0 313.0 127.0 308.0
127.0 308.0 111.0 296.0
276.0 283.0 266.0 286.0
266.0 286.0 258.0 296.0
258.0 296.0 251.0 307.0
251.0 307.0 247.0 325.0
247.0 325.0 252.0 332.0
252.0 332.0 261.0 343.0
261.0 343.0 271.0 350.0
271.0 350.0 280.0 352.0
280.0 352.0 292.0 339.0
292.0 339.0 297.0 329.0
297.0 329.0 300.0 319.0
300.0 319.0 299.0 297.0
299.0 297.0 294.0 288.0
287.0 303.0 288.0 309.0
288.0 309.0 289.0 323.0
289.0 323.0 283.0 329.0
283.0 329.0 273.0 332.0
273.0 332.0 266.0 332.0
266.0 332.0 258.0 323.0
258.0 323.0 258.0 313.0
258.0 313.0 264.0 304.0
264.0 304.0 273.0 302.0
273.0 302.0 283.0 302.0
147.0 254.0 134.0 263.0
134.0 263.0 131.0 269.0
131.0 269.0 128.0 280.0
128.0 280.0 128.0 295.0
128.0 295.0 134.0 302.0
134.0 302.0 150.0 311.0
138.0 293.0 137.0 281.0
137.0 281.0 149.0 268.0
149.0 268.0 160.0 264.0
139.0 293.0 150.0 297.0
150.0 297.0 162.0 296.0
162.0 296.0 175.0 286.0
133.0 492.0 113.0 503.0
168.0 75.0 168.0 13.0
168.0 13.0 199.0 71.0
199.0 71.0 204.0 16.0
239.0 17.0 225.0 18.0
225.0 18.0 218.0 31.0
218.0 31.0 213.0 43.0
213.0 43.0 213.0 54.0
213.0 54.0 219.0 69.0
219.0 69.0 227.0 69.0
227.0 69.0 237.0 58.0
237.0 58.0 240.0 46.0
240.0 46.0 240.0 28.0
240.0 28.0 234.0 19.0
284.0 69.0 273.0 67.0
273.0 67.0 263.0 57.0
263.0 57.0 262.0 42.0
262.0 42.0 268.0 23.0
268.0 23.0 283.0 22.0
283.0 22.0 287.0 22.0
298.0 45.0 302.0 28.0
302.0 28.0 310.0 24.0
310.0 24.0 319.0 23.0
319.0 23.0 325.0 35.0
325.0 35.0 321.0 47.0
321.0 47.0 321.0 61.0
321.0 61.0 313.0 67.0
313.0 67.0 305.0 67.0
305.0 67.0 298.0 59.0
298.0 59.0 298.0 48.0
339.0 20.0 336.0 68.0
336.0 68.0 351.0 63.0
351.0 63.0 357.0 59.0
357.0 59.0 363.0 41.0
363.0 41.0 359.0 34.0
359.0 34.0 342.0 20.0
391.0 20.0 370.0 20.0
370.0 20.0 370.0 64.0
370.0 64.0 396.0 63.0
371.0 42.0 385.0 42.0
405.0 61.0 408.0 60.0
407.0 50.0 408.0 39.0
408.0 39.0 418.0 38.0
418.0 38.0 422.0 32.0
422.0 32.0 421.0 19.0
421.0 19.0 412.0 17.0
412.0 17.0 405.0 20.0