81.0 509.0 92.0 450.0
92.0 450.0 95.0 398.0
95.0 398.0 82.0 368.0
82.0 368.0 71.0 357.0
71.0 357.0 62.0 362.0
62.0 362.0 52.0 362.0
52.0 362.0 46.0 342.0
46.0 342.0 38.0 345.0
38.0 345.0 28.0 340.0
28.0 340.0 24.0 317.0
24.0 317.0 16.0 293.0
16.0 293.0 10.0 259.0
10.0 259.0 13.0 227.0
13.0 227.0 31.0 182.0
31.0 182.0 52.0 156.0
52.0 156.0 66.0 145.0
66.0 145.0 87.0 117.0
87.0 117.0 111.0 73.0
111.0 73.0 168.0 26.0
168.0 26.0 189.0 -1.0
305.0 1.0 334.0 17.0
334.0 17.0 348.0 33.0
348.0 33.0 359.0 54.0
359.0 54.0 367.0 90.0
367.0 90.0 369.0 101.0
369.0 101.0 383.0 117.0
383.0 117.0 384.0 123.0
384.0 123.0 378.0 123.0
378.0 123.0 378.0 163.0
378.0 163.0 365.0 180.0
365.0 180.0 358.0 138.0
358.0 138.0 348.0 104.0
348.0 104.0 343.0 91.0
343.0 91.0 343.0 114.0
343.0 114.0 336.0 95.0
336.0 95.0 328.0 86.0
328.0 86.0 326.0 109.0
326.0 109.0 317.0 85.0
317.0 85.0 300.0 72.0
300.0 72.0 292.0 62.0
292.0 62.0 292.0 100.0
292.0 100.0 281.0 71.0
281.0 71.0 277.0 98.0
277.0 98.0 272.0 115.0
272.0 115.0 272.0 103.0
272.0 103.0 271.0 85.0
271.0 85.0 258.0 115.0
258.0 115.0 243.0 135.0
243.0 135.0 221.0 148.0
221.0 148.0 191.0 155.0
191.0 155.0 166.0 171.0
166.0 171.0 142.0 195.0
142.0 195.0 137.0 232.0
137.0 232.0 116.0 241.0
116.0 241.0 100.0 207.0
100.0 207.0 84.0 185.0
84.0 185.0 70.0 180.0
70.0 180.0 54.0 192.0
54.0 192.0 46.0 208.0
46.0 208.0 50.0 224.0
50.0 224.0 71.0 245.0
71.0 245.0 63.0 257.0
63.0 257.0 64.0 277.0
64.0 277.0 75.0 294.0
75.0 294.0 87.0 297.0
87.0 297.0 97.0 289.0
108.0 263.0 101.0 243.0
101.0 243.0 82.0 221.0
82.0 221.0 73.0 216.0
73.0 216.0 58.0 222.0
58.0 222.0 58.0 225.0
101.0 244.0 84.0 249.0
84.0 249.0 81.0 261.0
81.0 261.0 91.0 268.0
91.0 268.0 100.0 267.0
87.0 299.0 94.0 310.0
94.0 310.0 110.0 308.0
110.0 308.0 115.0 323.0
115.0 323.0 118.0 412.0
118.0 412.0 128.0 435.0
128.0 435.0 155.0 446.0
155.0 446.0 204.0 496.0
204.0 496.0 224.0 508.0
224.0 508.0 221.0 492.0
221.0 492.0 210.0 489.0
210.0 489.0 202.0 479.0
147.0 509.0 154.0 499.0
154.0 499.0 177.0 490.0
177.0 490.0 196.0 490.0
347.0 508.0 330.0 442.0
330.0 442.0 339.0 410.0
339.0 410.0 349.0 413.0
349.0 413.0 367.0 406.0
367.0 406.0 371.0 387.0
371.0 387.0 370.0 366.0
370.0 366.0 363.0 345.0
363.0 345.0 354.0 322.0
354.0 322.0 351.0 308.0
351.0 308.0 358.0 297.0
358.0 297.0 358.0 285.0
358.0 285.0 365.0 281.0
365.0 281.0 361.0 272.0
361.0 272.0 361.0 237.0
361.0 237.0 373.0 209.0
373.0 209.0 364.0 181.0
324.0 276.0 347.0 259.0
347.0 259.0 369.0 256.0
369.0 256.0 389.0 264.0
389.0 264.0 388.0 277.0
388.0 277.0 381.0 288.0
381.0 288.0 365.0 294.0
365.0 294.0 344.0 295.0
344.0 295.0 326.0 286.0
326.0 286.0 321.0 277.0
321.0 277.0 311.0 274.0
311.0 274.0 306.0 281.0
306.0 281.0 296.0 285.0
296.0 285.0 296.0 276.0
296.0 276.0 284.0 269.0
284.0 269.0 265.0 269.0
265.0 269.0 250.0 279.0
250.0 279.0 243.0 287.0
243.0 287.0 243.0 299.0
243.0 299.0 254.0 303.0
254.0 303.0 270.0 300.0
270.0 300.0 288.0 292.0
288.0 292.0 295.0 286.0
241.0 291.0 137.0 231.0
371.0 217.0 354.0 206.0
354.0 206.0 319.0 201.0
319.0 201.0 316.0 207.0
316.0 207.0 343.0 213.0
343.0 213.0 365.0 231.0
316.0 208.0 304.0 249.0
304.0 249.0 312.0 274.0
340.0 296.0 350.0 311.0
325.0 360.0 326.0 342.0
326.0 342.0 331.0 327.0
331.0 327.0 304.0 277.0
304.0 277.0 301.0 269.0
301.0 269.0 279.0 218.0
279.0 218.0 285.0 207.0
285.0 207.0 277.0 202.0
277.0 202.0 230.0 204.0
230.0 204.0 211.0 218.0
211.0 218.0 192.0 224.0
192.0 224.0 192.0 230.0
192.0 230.0 198.0 229.0
198.0 229.0 182.0 242.0
182.0 242.0 193.0 247.0
193.0 247.0 223.0 224.0
223.0 224.0 277.0 216.0
254.0 295.0 260.0 295.0
260.0 295.0 267.0 279.0
267.0 279.0 258.0 282.0
258.0 282.0 255.0 292.0
352.0 267.0 345.0 283.0
345.0 283.0 336.0 282.0
336.0 282.0 346.0 270.0
346.0 270.0 353.0 267.0
217.0 253.0 258.0 227.0
258.0 227.0 267.0 235.0
218.0 253.0 262.0 241.0
262.0 241.0 272.0 241.0
272.0 241.0 272.0 251.0
272.0 251.0 267.0 258.0
267.0 258.0 254.0 258.0
254.0 258.0 219.0 253.0
268.0 253.0 265.0 247.0
265.0 247.0 261.0 247.0
261.0 247.0 258.0 248.0
258.0 248.0 251.0 250.0
251.0 250.0 250.0 255.0
326.0 223.0 351.0 246.0
351.0 246.0 351.0 252.0
351.0 252.0 334.0 250.0
334.0 250.0 330.0 252.0
330.0 252.0 336.0 255.0
336.0 255.0 335.0 258.0
335.0 258.0 320.0 258.0
320.0 258.0 315.0 249.0
315.0 249.0 312.0 247.0
312.0 247.0 314.0 241.0
314.0 241.0 317.0 241.0
317.0 241.0 326.0 226.0
334.0 233.0 327.0 236.0
327.0 236.0 328.0 239.0
328.0 239.0 346.0 240.0
339.0 409.0 332.0 397.0
332.0 397.0 293.0 363.0
293.0 363.0 276.0 357.0
276.0 357.0 259.0 357.0
259.0 357.0 254.0 366.0
254.0 366.0 245.0 349.0
245.0 349.0 246.0 337.0
246.0 337.0 260.0 329.0
245.0 337.0 226.0 347.0
226.0 347.0 198.0 344.0
198.0 344.0 186.0 356.0
315.0 401.0 320.0 423.0
317.0 408.0 277.0 416.0
277.0 416.0 261.0 411.0
261.0 411.0 248.0 398.0
248.0 398.0 235.0 394.0
235.0 394.0 211.0 390.0
211.0 390.0 194.0 390.0
194.0 390.0 195.0 374.0
195.0 374.0 184.0 387.0
184.0 387.0 183.0 405.0
183.0 405.0 191.0 399.0
191.0 399.0 208.0 403.0
208.0 403.0 225.0 417.0
225.0 417.0 250.0 449.0
250.0 449.0 303.0 447.0
303.0 447.0 306.0 431.0
306.0 431.0 311.0 420.0
311.0 420.0 316.0 411.0
316.0 411.0 294.0 424.0
294.0 424.0 275.0 429.0
275.0 429.0 257.0 423.0
257.0 423.0 245.0 412.0
245.0 412.0 230.0 402.0
230.0 402.0 207.0 396.0
207.0 396.0 194.0 390.0
278.0 441.0 276.0 433.0
276.0 433.0 276.0 430.0